# GIMP colorrc
# 
# This file holds a list of recently used colors.

(color-history
    (color-rgba 1 1 1 1)
    (color-rgba 0 0 0 1)
    (color-rgba 0.86080737434716414 0.91489361702127658 0.067542481793517073 1)
    (color-rgba 1 0 0 1)
    (color-rgba 1 1 1 6.9012836883476897e-310)
    (color-rgba 0.237898043695559 0.72340425531914887 0.39284683463925779 1)
    (color-rgba 0.92549020051956177 1 1 1)
    (color-rgba 0.81176471710205078 0.7921568751335144 0.96078431606292725 1)
    (color-rgba 0.77254903316497803 0.61960786581039429 0.61176472902297974 1)
    (color-rgba 0.63921570777893066 0.65490198135375977 0.7137255072593689 1)
    (color-rgba 0.80392158031463623 0.90588235855102539 0.78431373834609985 1)
    (color-rgba 0.729411780834198 0.85098040103912354 0.94117647409439087 1)
    (color-rgba 0.7450980544090271 0.85490196943283081 0.68235296010971069 1)
    (color-rgba 0.084725593793136295 0.084725593793136295 0.63120567375886527 1)
    (color-rgba 0.75535611384381374 0.31072397543909747 0.90780141843971629 1)
    (color-rgba 0.31072397543909747 0.90780141843971629 0.78076366460979707 1)
    (color-rgba 0.90780141843971629 0.31072397543909747 0.65372591077987829 1)
    (color-rgba 0.035294119268655777 0.035294119268655777 0.035294119268655777 1)
    (color-rgba 0.48627450980392156 0.6588235294117647 0.40784313725490196 1)
    (color-rgba 0.16470588743686676 0.42745098471641541 0.67058825492858887 1)
    (color-rgba 0.050980392156862744 0.023529411764705882 0.71372549019607845 1)
    (color-rgba 0.098039215686274508 0.070588235294117646 0.76078431372549016 1)
    (color-rgba 0.19607843137254902 0.16862745098039217 0.85882352941176465 1)
    (color-rgba 0.24705882352941178 0.2196078431372549 0.90980392156862744 1)
    (color-rgba 0.80000000000000004 0.80000000000000004 0.80000000000000004 1)
    (color-rgba 0.59999999999999998 0.59999999999999998 0.59999999999999998 1)
    (color-rgba 0.40000000000000002 0.40000000000000002 0.40000000000000002 1)
    (color-rgba 0.20000000000000001 0.20000000000000001 0.20000000000000001 1)
    (color-rgba 0.12156862765550613 0.36862745881080627 0.30980393290519714 1)
    (color-rgba 0.027607215955066867 0.1028368794326241 0.084925056415617123 1)
    (color-rgba 0.037079346946546722 0.14539007092198586 0.11960180564188501 1)
    (color-rgba 0.99607843160629272 0.99607843160629272 1 1)
    (color-rgba 0.56862747669219971 0.82352942228317261 0.76862746477127075 1)
    (color-rgba 0.96470588445663452 0.75686275959014893 0.39215686917304993 1)
    (color-rgba 1 0.68627450980392157 0.25490196078431371 1)
    (color-rgba 0.56470588235294117 0.83921568627450982 0.77647058823529413 1)
    (color-rgba 1 0.62352941176470589 0.97647058823529409 1)
    (color-rgba 0.9843137264251709 0.96470588445663452 0.94117647409439087 1)
    (color-rgba 0.25882352941176473 0.25882352941176473 0.25882352941176473 1)
    (color-rgba 0.94509804248809814 0.94117647409439087 0.92156863212585449 1)
    (color-rgba 0 0 0 6.9527904795319332e-310)
    (color-rgba 0.6588235294117647 0.65490196078431373 0.68627450980392157 1)
    (color-rgba 0.45882353186607361 0.46274510025978088 0.60000002384185791 1)
    (color-rgba 0.14509804546833038 0.23921568691730499 0.4117647111415863 1)
    (color-rgba 0.69411766529083252 0.68235296010971069 0.80000001192092896 1)
    (color-rgba 0.60392159223556519 0.60392159223556519 0.73333334922790527 1)
    (color-rgba 0.61568629741668701 0.61568629741668701 0.73725491762161255 1)
    (color-rgba 0.51372551918029785 0.49803921580314636 0.63137257099151611 1)
    (color-rgba 0.76470589637756348 0.58823531866073608 0.40000000596046448 1)
    (color-rgba 0.76862746477127075 0.60392159223556519 0.40784314274787903 1)
    (color-rgba 0.78823530673980713 0.54509806632995605 0.44705882668495178 1)
    (color-rgba 0.49803921580314636 0.49411764740943909 0.63529413938522339 1)
    (color-rgba 0.51764708757400513 0.51372551918029785 0.65490198135375977 1)
    (color-rgba 0.78039216995239258 0.55294120311737061 0.43921568989753723 1)
    (color-rgba 0.75686275959014893 0.51372551918029785 0.43137255311012268 1)
    (color-rgba 0.76862746477127075 0.73333334922790527 0.87058824300765991 1)
    (color-rgba 0.74117648601531982 0.70588237047195435 0.84705883264541626 1)
    (color-rgba 0.68627452850341797 0.65490198135375977 0.7921568751335144 1)
    (color-rgba 0.75686275959014893 0.72156864404678345 0.86274510622024536 1)
    (color-rgba 0.77254903316497803 0.73333334922790527 0.85490196943283081 1)
    (color-rgba 0.85882353782653809 0.80784314870834351 0.87843137979507446 1)
    (color-rgba 0.90980392694473267 0.73333334922790527 0.65098041296005249 1)
    (color-rgba 0.90980392694473267 0.73725491762161255 0.65098041296005249 1)
    (color-rgba 0.92941176891326904 0.78823530673980713 0.70588237047195435 1)
    (color-rgba 0.95686274766921997 0.89803922176361084 0.78039216995239258 1)
    (color-rgba 0.72549021244049072 0.83529412746429443 0.35686275362968445 1)
    (color-rgba 0.97647058963775635 0.92156863212585449 0.85098040103912354 1)
    (color-rgba 0.9686274528503418 0.91764706373214722 0.84313726425170898 1)
    (color-rgba 0.97254902124404907 0.91764706373214722 0.84313726425170898 1)
    (color-rgba 0.97254902124404907 0.91764706373214722 0.83137255907058716 1)
    (color-rgba 0.96470588445663452 0.90588235855102539 0.81568628549575806 1)
    (color-rgba 0.058823529630899429 0.098039217293262482 0.16862745583057404 1)
    (color-rgba 0.0039215683937072754 0.011764706112444401 0.023529412224888802 1)
    (color-rgba 0 0.0039215683937072754 0.0078431367874145508 1)
    (color-rgba 0.11764705926179886 0.17254902422428131 0.26666668057441711 1)
    (color-rgba 0.92941176891326904 0.83137255907058716 0.4117647111415863 1)
    (color-rgba 0.82352942228317261 0.87450981140136719 0.41568627953529358 1)
    (color-rgba 0.9686274528503418 0.65098041296005249 0.20784313976764679 1)
    (color-rgba 0.96078431606292725 0.49019607901573181 0.48235294222831726 1)
    (color-rgba 0.9686274528503418 0.45490196347236633 0.44705882668495178 1)
    (color-rgba 0.74901962280273438 0.81176471710205078 0.21960784494876862 1)
    (color-rgba 0.94901961088180542 0.78039216995239258 0.50980395078659058 1)
    (color-rgba 0.83529412746429443 0.89019608497619629 0.50196075439453125 1)
    (color-rgba 0.42745098471641541 0.63921570777893066 0.098039217293262482 1)
    (color-rgba 0.78039216995239258 0.83137255907058716 0.35294118523597717 1)
    (color-rgba 0.9843137264251709 0.9686274528503418 0.83921569585800171 1)
    (color-rgba 0.90196079015731812 0.78039216995239258 0.34509804844856262 1)
    (color-rgba 0.92549020051956177 0.82745099067687988 0.29411765933036804 1)
    (color-rgba 0.91372549533843994 0.80000001192092896 0.29803922772407532 1)
    (color-rgba 0.78823530673980713 0.86274510622024536 0.24313725531101227 1)
    (color-rgba 0.99215686321258545 0.65098041296005249 0.08235294371843338 1)
    (color-rgba 0.95035460992907805 0.55463362712839381 0.26150697320196115 1)
    (color-rgba 0.95035460992907805 0.45203929825414246 0.26150697320196115 1)
    (color-rgba 0.94901961088180542 0.36862745881080627 0.39215686917304993 1)
    (color-rgba 0.97647058963775635 0.47450980544090271 0.47058823704719543 1)
    (color-rgba 0.91764706373214722 0.066666670143604279 0.062745094299316406 1)
    (color-rgba 0.98039215803146362 0.43921568989753723 0.43921568989753723 1)
    (color-rgba 0.81560283687943258 0.38864296253986386 0.62483353132345509 1)
    (color-rgba 0.047058824449777603 0.098039217293262482 0.20000000298023224 1)
    (color-rgba 0.91372549533843994 0.84313726425170898 0.94509804248809814 1)
    (color-rgba 0.015686273574829102 0.027450980618596077 0.039215687662363052 1)
    (color-rgba 0.0039215683937072754 0.011764706112444401 0.0078431367874145508 1)
    (color-rgba 0.031372547149658203 0.043137256056070328 0.10588235408067703 1)
    (color-rgba 0.88235294818878174 0.94901961088180542 0.98823529481887817 1)
    (color-rgba 0.43921568989753723 0.63137257099151611 0.77254903316497803 1)
    (color-rgba 0.60784316062927246 0.74901962280273438 0.86666667461395264 1)
    (color-rgba 0.729411780834198 0.83529412746429443 0.92941176891326904 1)
    (color-rgba 0.88235294818878174 0.94509804248809814 0.98823529481887817 1)
    (color-rgba 0.94901961088180542 0.97647058963775635 0.99607843160629272 1)
    (color-rgba 0.84313726425170898 0.90196079015731812 0.95686274766921997 1)
    (color-rgba 0.035294119268655777 0.047058824449777603 0.10980392247438431 1)
    (color-rgba 0.031372547149658203 0.043137256056070328 0.098039217293262482 1)
    (color-rgba 0.031372547149658203 0.039215687662363052 0.039215687662363052 1)
    (color-rgba 0.72549021244049072 0.87843137979507446 0.98823529481887817 1)
    (color-rgba 0 0.15294118225574493 0.21176470816135406 1)
    (color-rgba 0.031372547149658203 0.27058824896812439 0.36078432202339172 1)
    (color-rgba 0.72156864404678345 0.86666667461395264 0.98823529481887817 1)
    (color-rgba 0.21176470816135406 0.48627451062202454 0.64705884456634521 1)
    (color-rgba 0.47450980544090271 0.74901962280273438 0.93725490570068359 1)
    (color-rgba 0.73333334922790527 0.87450981140136719 0.98823529481887817 1)
    (color-rgba 0.0078431367874145508 0.015686273574829102 0.019607843831181526 1)
    (color-rgba 0 0.011764706112444401 0.015686273574829102 1)
    (color-rgba 0.011764706112444401 0.062745094299316406 0.15294118225574493 1)
    (color-rgba 0.60784316062927246 0.83921569585800171 0.97254902124404907 1)
    (color-rgba 0.64705884456634521 0.85490196943283081 0.98039215803146362 1)
    (color-rgba 0.41568627953529358 0.69803923368453979 0.89019608497619629 1)
    (color-rgba 0.12941177189350128 0.38431373238563538 0.50980395078659058 1)
    (color-rgba 0.14117647707462311 0.40392157435417175 0.5372549295425415 1)
    (color-rgba 0.20784313976764679 0.47058823704719543 0.62745100259780884 1)
    (color-rgba 0.20784313976764679 0.47843137383460999 0.63529413938522339 1)
    (color-rgba 0.51764708757400513 0.7921568751335144 0.95686274766921997 1)
    (color-rgba 0.24313725531101227 0.51764708757400513 0.68235296010971069 1)
    (color-rgba 0.20784313976764679 0.48235294222831726 0.64313727617263794 1)
    (color-rgba 0.23137255012989044 0.51372551918029785 0.67450982332229614 1)
    (color-rgba 0.50196075439453125 0.78039216995239258 0.95686274766921997 1)
    (color-rgba 0.70588237047195435 0.87450981140136719 0.98823529481887817 1)
    (color-rgba 0.54117649793624878 0.84313726425170898 0.98039215803146362 1)
    (color-rgba 0.83921569585800171 0.93725490570068359 0.99607843160629272 1)
    (color-rgba 0 0.15686275064945221 0.27843138575553894 1)
    (color-rgba 0 0.15294118225574493 0.27058824896812439 1)
    (color-rgba 0 0.14901961386203766 0.27058824896812439 1)
    (color-rgba 0.11764705926179886 0.10196078568696976 0.12156862765550613 1)
    (color-rgba 0.73333334922790527 0.88627451658248901 0.98823529481887817 1)
    (color-rgba 0.19215686619281769 0.45882353186607361 0.60392159223556519 1)
    (color-rgba 0.14117647707462311 0.40784314274787903 0.53333336114883423 1)
    (color-rgba 0 0.21176470816135406 0.28627452254295349 1)
    (color-rgba 0.32549020648002625 0.64313727617263794 0.80000001192092896 1)
    (color-rgba 0 0.12156862765550613 0.18039216101169586 1)
    (color-rgba 0.5058823823928833 0.82745099067687988 0.9686274528503418 1)
    (color-rgba 0.46666666865348816 0.81176471710205078 0.95686274766921997 1)
    (color-rgba 0.45490196347236633 0.80000001192092896 0.94509804248809814 1)
    (color-rgba 0.78039216995239258 0.89019608497619629 0.98823529481887817 1)
    (color-rgba 0.69019609689712524 0.92156863212585449 0.99215686321258545 1)
    (color-rgba 0.7607843279838562 0.90196079015731812 0.98823529481887817 1)
    (color-rgba 0.40000000596046448 0.69803923368453979 0.85882353782653809 1)
    (color-rgba 0.7921568751335144 0.90980392694473267 0.98823529481887817 1)
    (color-rgba 0.55686277151107788 0.82745099067687988 0.98039215803146362 1)
    (color-rgba 0.45882353186607361 0.76862746477127075 0.91764706373214722 1)
    (color-rgba 0.5058823823928833 0.80000001192092896 0.9529411792755127 1)
    (color-rgba 0.35294118523597717 0.65490198135375977 0.81176471710205078 1)
    (color-rgba 0.42745098471641541 0.71764707565307617 0.92156863212585449 1)
    (color-rgba 0.38823530077934265 0.69019609689712524 0.84313726425170898 1)
    (color-rgba 0.3333333432674408 0.63137257099151611 0.78431373834609985 1)
    (color-rgba 0.25882354378700256 0.54509806632995605 0.70196080207824707 1)
    (color-rgba 0.54117649793624878 0.82352942228317261 0.97254902124404907 1)
    (color-rgba 0.58039218187332153 0.83529412746429443 0.97647058963775635 1)
    (color-rgba 0.62352943420410156 0.84313726425170898 0.97647058963775635 1)
    (color-rgba 0.45098039507865906 0.7450980544090271 0.93725490570068359 1)
    (color-rgba 0.42352941632270813 0.72156864404678345 0.89803922176361084 1)
    (color-rgba 0.32549020648002625 0.61176472902297974 0.7764706015586853 1)
    (color-rgba 0.40392157435417175 0.70588237047195435 0.87450981140136719 1)
    (color-rgba 0.33725491166114807 0.63137257099151611 0.7921568751335144 1)
    (color-rgba 0.44313725829124451 0.73725491762161255 0.89803922176361084 1)
    (color-rgba 0.38823530077934265 0.69411766529083252 0.85490196943283081 1)
    (color-rgba 0.28627452254295349 0.57647061347961426 0.73333334922790527 1)
    (color-rgba 0.31764706969261169 0.61176472902297974 0.77254903316497803 1)
    (color-rgba 0.36862745881080627 0.65490198135375977 0.82745099067687988 1)
    (color-rgba 0.50196075439453125 0.7921568751335144 0.96078431606292725 1)
    (color-rgba 0.54117649793624878 0.81960785388946533 0.97647058963775635 1)
    (color-rgba 0.40784314274787903 0.71764707565307617 0.87058824300765991 1)
    (color-rgba 0.48235294222831726 0.77254903316497803 0.92941176891326904 1)
    (color-rgba 0.56862747669219971 0.82352942228317261 0.97647058963775635 1)
    (color-rgba 0.63921570777893066 0.85882353782653809 0.98039215803146362 1)
    (color-rgba 0.7137255072593689 0.87058824300765991 0.98823529481887817 1)
    (color-rgba 0.76862746477127075 0.88627451658248901 0.98823529481887817 1)
    (color-rgba 0.72549021244049072 0.88627451658248901 0.98823529481887817 1)
    (color-rgba 0.66666668653488159 0.86274510622024536 0.9843137264251709 1)
    (color-rgba 0.67058825492858887 0.87058824300765991 0.9843137264251709 1)
    (color-rgba 0.7921568751335144 0.89411765336990356 0.98823529481887817 1)
    (color-rgba 0 0.0039215683937072754 0.0039215683937072754 1)
    (color-rgba 0.012304250559284115 0.068436038992115533 0.16666666666666663 1)
    (color-rgba 0.0039215683937072754 0.13725490868091583 0.24705882370471954 1)
    (color-rgba 0.012423247179780097 0.047049744638316092 0.1028368794326241 1)
    (color-rgba 0 0.13333334028720856 0.24705882370471954 1)
    (color-rgba 0 0.0078431367874145508 0.035294119268655777 1)
    (color-rgba 0 0 0.21568627655506134 1)
    (color-rgba 0 0.031372547149658203 0.23921568691730499 1)
    (color-rgba 0 0 0.20392157137393951 1)
    (color-rgba 0 0 0.027450980618596077 1)
    (color-rgba 0.71764707565307617 0.75294119119644165 1 1)
    (color-rgba 0.21176470816135406 0.22745098173618317 0.45882353186607361 1)
    (color-rgba 0.21176470816135406 0.23137255012989044 0.46274510025978088 1)
    (color-rgba 0.21176470816135406 0.22745098173618317 0.46274510025978088 1)
    (color-rgba 0.21176470816135406 0.22745098173618317 0.46666666865348816 1)
    (color-rgba 0.17254902422428131 0.18823529779911041 0.3960784375667572 1)
    (color-rgba 0.13725490868091583 0.15294118225574493 0.33725491166114807 1)
    (color-rgba 0.14117647707462311 0.15294118225574493 0.3333333432674408 1)
    (color-rgba 0.25882354378700256 0.30588236451148987 0.57647061347961426 1)
    (color-rgba 0.22352941334247589 0.23921568691730499 0.47450980544090271 1)
    (color-rgba 0.11372549086809158 0.12549018859863281 0.28627452254295349 1)
    (color-rgba 0.10588235408067703 0.12156862765550613 0.29411765933036804 1)
    (color-rgba 0.10980392247438431 0.12549018859863281 0.30980393290519714 1)
    (color-rgba 0.019607843831181526 0.0078431377187371254 0.043137256056070328 1)
    (color-rgba 0.015686275437474251 0.0039215688593685627 0.039215687662363052 1)
    (color-rgba 0.81176471710205078 0.37254902720451355 0.45882353186607361 1)
    (color-rgba 0.023529412224888802 0.011764706112444401 0.031372550874948502 1)
    (color-rgba 0.0078431377187371254 0.0078431377187371254 0 1)
    (color-rgba 0.0039215688593685627 0.0039215688593685627 0.0039215688593685627 1)
    (color-rgba 0.011764706112444401 0.0078431377187371254 0.031372550874948502 1)
    (color-rgba 0.027450980618596077 0.019607843831181526 0.039215687662363052 1)
    (color-rgba 0.0078431377187371254 0.0039215688593685627 0.027450980618596077 1)
    (color-rgba 0.08235294371843338 0.078431375324726105 0.074509806931018829 1)
    (color-rgba 0.81960784313725488 0.84705882352941175 0.88627450980392153 6.9444899906261641e-310)
    (color-rgba 0.82107668142224766 0.84834674028590917 0.88652482269503552 1)
    (color-rgba 0.86577181208053688 0.88682401419799672 0.91489361702127658 1)
    (color-rgba 0.86096434861249949 0.89819442461167442 0.94326241134751776 1)
    (color-rgba 0.7815936027416821 0.85502245069573346 0.94680851063829785 1)
    (color-rgba 0.86729496882288548 0.91454156664214881 0.97163120567375882 1)
    (color-rgba 0.79194630872483218 0.88490646865629019 1 1)
    (color-rgba 0.0078431367874145508 0.011764706112444401 0.019607843831181526 1)
    (color-rgba 0.42745098471641541 0.56078433990478516 0.56862747669219971 1)
    (color-rgba 0.4117647111415863 0.54509806632995605 0.55294120311737061 1)
    (color-rgba 0.019607843831181526 0.035294119268655777 0.050980392843484879 1)
    (color-rgba 0.027450980618596077 0.035294119268655777 0.050980392843484879 1)
    (color-rgba 0.039215687662363052 0.043137256056070328 0.058823529630899429 1)
    (color-rgba 0.054901961237192154 0.058823529630899429 0.066666670143604279 1)
    (color-rgba 0.019607843831181526 0.031372547149658203 0.047058824449777603 1)
    (color-rgba 0.050980392843484879 0.08235294371843338 0.08235294371843338 1)
    (color-rgba 0.078431375324726105 0.086274512112140656 0.086274512112140656 1)
    (color-rgba 0.023529412224888802 0.039215687662363052 0.054901961237192154 1)
    (color-rgba 0.027450980618596077 0.047058824449777603 0.066666670143604279 1)
    (color-rgba 0.035294119268655777 0.058823529630899429 0.086274512112140656 1)
    (color-rgba 0.047058824449777603 0.062745094299316406 0.070588238537311554 1)
    (color-rgba 0.047058824449777603 0.17254902422428131 0.37254902720451355 1)
    (color-rgba 0.011764706112444401 0.10588235408067703 0.32941177487373352 1)
    (color-rgba 0.011764706112444401 0.10196078568696976 0.29803922772407532 1)
    (color-rgba 0 0.0141843958156752 0.1063829787234043 1)
    (color-rgba 0.019607843831181526 0.027450980618596077 0.078431375324726105 1)
    (color-rgba 0.015686273574829102 0.039215687662363052 0.12156862765550613 1)
    (color-rgba 0 0.14973690564774964 0.42198581560283688 1)
    (color-rgba 0.023529412224888802 0.066666670143604279 0.14509804546833038 1)
    (color-rgba 0.16911799704888372 0.66312056737588654 0.38984254974818278 1)
    (color-rgba 0.66312056737588654 0.16911799704888378 0.52648155856203449 1)
    (color-rgba 0.22836879472386964 0.011764706112444399 0.24313725531101227 1)
    (color-rgba 0.40000000596046448 0.52941179275512695 0.5372549295425415 1)
    (color-rgba 0.49411764740943909 0.61568629741668701 0.62352943420410156 1))

# end of colorrc
